1
2000
1405
0
201620
Jone
1406
0
201620
Jone
1805
-1
201620
Tony
2401
8
201620
Wang
2402
8
201620
Lily
0

1
2001
1905
0
201810
Poppy
1825
1
201510
Garen
3005
1
201720
Stark
3002
1
201630
Mark
3002
1
201630
Mike
0

1
2002
3001
0
201310
DrDisRespect
1802
0
201710
Jastine
1803
0
201620
Nvia
2018
1
201310
Martine
3001
1
201620
Mike
0
1
1000
1405
3
201620
Jone
1406
5
201620
Jone
1805
-1
201620
Tony
2401
8
201620
Wang
2402
0
201620
Lily
0

1
1001
1827
10
201710
Peter
1827
5
201630
Alice
1807
-1
201630
Chang
2407
8
201530
Zoe
2406
2
201710
Lily
0

1
1002
1703
5
201730
Wang
1820
5
201530
Tom
1705
-1
201730
Alice
2405
10
201720
Cindy
2507
0
201820
Tayler
0

1
1003
1507
10
201820
Tyler
1805
4
201720
Jony
1805
-1
201620
Tyler
3100
8
201520
Quni
3600
0
201830
Qunige
0

1
1004
3005
3
201820
Karthus
3105
5
201520
Tommy
3400
-1
201710
Toni
3001
10
201920
Frank
4003
0
201830
Franky
0

1
1005
1301
5
201630
Ross
1720
5
201730
Rose
1195
10
201720
Joradn
2403
8
201730
Kobe
3004
0
201830
Brant
0

1
1006
2705
3
201830
Yao
4005
5
201830
Muller
3001
-1
201710
Blue
3804
8
201530
Yeti
3009
0
201830
MSI
0

1
1007
2801
3
201710
Apple
3904
5
201830
Sun
1009
-1
201630
Sunny
2401
8
201620
Lay
2402
0
201620
Jack
0

1
1008
4107
8
201910
Jacky
1407
1
201820
Jackon
3907
-1
201810
Lee
3108
9
201710
Leo
2501
5
201820
George
0

1
1009
1408
4
201712
Jhone
3005
11
201810
Marry
3107
9
201710
Martain
2501
0
201820
Louis
2809
2
201530
Lousie
0

1
1010
4001
3
201530
Martini
2005
0
201410
Onn
3005
2
201710
Sona
3002
1
201730
Caite
3006
1
201730
Fizz
0

1
1011
1905
3
201810
Poppy
1825
7
201510
Garen
3005
8
201720
Stark
3002
5
201630
Mark
3002
0
201630
Mike
0

1
1012
1805
3
201710
Nic
3001
9
201610
Nikky
1905
-1
201630
Kitty
3405
8
201620
Sam
3405
0
201520
Shang
0

1
1013
2001
3
201610
Phlipe
1704
5
201620
Song
1705
-1
201510
UU
3200
2
201730
Quni
3805
0
201320
Shroud
0

1
1014
3001
10
201310
DrDisRespect
1802
5
201710
Jastine
1803
1
201620
Nvia
2018
11
201310
Martine
3001
4
201620
Mike
0

1
1015
1805
5
201310
Mikky
1805
7
201110
Piggy
1807
1
201620
Young
2000
7
201420
Sun
2009
9
201530
Li
0

1
1016
1403
5
201620
Zhang
1403
10
201320
Chang
1809
-1
201620
Qian
2309
8
201430
Zhao
2009
0
201530
Lun
0

1
1017
1410
3
201620
Yu
1409
5
201310
Hou
1803
-1
201430
Tamia
2402
8
201510
Zhou
2402
0
201620
Cao
0
0
